0.000000000000000000e+00 0.000000000000000000e+00 0.000000000000000000e+00 0.000000000000000000e+00 0.000000000000000000e+00 0.000000000000000000e+00 1.000000000000000000e+04
7.389152251320660980e+01 -2.775038367249744908e+01 7.751684521505424641e+00 3.928930093950582680e+00 1.046164369891888413e+01 1.097492090732331560e+00 5.000000000000000000e+00
-8.394371744645513900e+01 -5.800569032503246802e+01 -2.270820178462452077e+01 5.427486607423236187e+00 -7.854460479049570232e+00 -2.124765007951744167e+00 5.000000000000000000e+00
-8.890488689775339992e+01 3.718078455078057232e+01 -1.651116765570212408e+01 -3.845966638727350340e+00 -9.196288705570347943e+00 -1.707909091685137604e+00 5.000000000000000000e+00
8.743431874133094084e+01 -8.637140509019360479e+00 2.235517628061089113e+01 1.000578631570609556e+00 1.012892066618032061e+01 2.589758921718990692e+00 5.000000000000000000e+00
-2.593584242253461980e+01 -7.871647530123038905e+01 -2.010386131389816455e+01 9.994825698512279644e+00 -3.293138105654765280e+00 -2.552637029675736358e+00 5.000000000000000000e+00
8.389308298851574364e-01 8.123150244263496234e+01 -2.699341293346287785e+01 -1.025627382073201943e+01 1.059232446677004086e-01 -3.408183107251955501e+00 5.000000000000000000e+00
-7.752945252821228905e+01 -2.921131333832521193e+01 -2.695788703782086415e+01 3.591976706466310620e+00 -9.533429199879673632e+00 -3.314883558089085636e+00 5.000000000000000000e+00
5.455259625337163243e+01 -3.675061772830252949e+01 3.286475302468566184e+01 5.828627529603703117e+00 8.652011421535478419e+00 5.212331549077262594e+00 5.000000000000000000e+00
-4.324466671475717305e+01 2.523514372256036609e+01 4.040648852212801678e+00 -7.088213573207673868e+00 -1.214684714881756733e+01 1.134964094268881896e+00 5.000000000000000000e+00
