0.000000000000000000e+00 0.000000000000000000e+00 0.000000000000000000e+00 0.000000000000000000e+00 0.000000000000000000e+00 0.000000000000000000e+00 1.000000000000000000e+04
-6.041727551155528317e+02 7.370292414751668275e+02 -2.069411287250482303e+02 -2.420071985457825647e+00 -1.983831138240239600e+00 -6.795014364208032953e-01 5.000000000000000000e+00
-4.710132265081810488e+02 -1.222966275020478406e+02 -2.087597713417981993e+02 1.003672285401905784e+00 -3.865543401808652302e+00 -1.713263898459451928e+00 5.000000000000000000e+00
-3.646533355670980541e+02 -3.024294190092114150e+02 -1.861928170050005917e+02 2.633414571030694429e+00 -3.175231465256668884e+00 -1.621280359988013897e+00 5.000000000000000000e+00
6.752351796109392126e+02 -7.746464785652267437e+01 -2.343136814739177964e+02 4.018671826512699163e-01 3.502950917170196021e+00 -1.215560667170085152e+00 5.000000000000000000e+00
-5.848606555612582270e+01 -3.474035949066912963e+02 -3.312464306395077074e+01 5.219303356668036464e+00 -8.786797913170206753e-01 -4.976562225228109426e-01 5.000000000000000000e+00
-2.817791640672652420e+02 -7.052865234245969077e+02 -2.610277652526662564e+02 3.098945535879976454e+00 -1.238104307381679092e+00 -1.146925116253066035e+00 5.000000000000000000e+00
-6.895571930852454443e+02 7.752926896603903515e+02 -6.889536258067721519e+01 -2.312073758129027823e+00 -2.056393813747783739e+00 -2.054593858602540846e-01 5.000000000000000000e+00
-6.942119248980486645e+01 5.410407617372027289e+02 1.734753756091182879e+02 -3.950792067467988833e+00 -5.069279728984794620e-01 1.266753239916577067e+00 5.000000000000000000e+00
-1.695826095431920066e+02 4.624876414666605342e+02 -2.551944337016581130e+02 -3.539343511923207508e+00 -1.297788427207023698e+00 -1.952961943667399725e+00 5.000000000000000000e+00
7.313245122510591045e+02 2.864705498630974034e+01 -2.655254708389176699e+02 -1.318680369794772156e-01 3.366430785698848016e+00 -1.222266045298989301e+00 5.000000000000000000e+00
-7.261948614786676899e+02 1.375164607393905953e+02 -8.574270543055165206e+01 -6.775555970314530718e-01 -3.578025425354853351e+00 -4.224617886231594732e-01 5.000000000000000000e+00
5.645101674686136448e+02 -6.127143140492636348e+02 1.182281933633622231e+02 2.510161050567555119e+00 2.312678849730856356e+00 4.843559212749520282e-01 5.000000000000000000e+00
5.030904635207532465e+02 2.580923558741253601e+02 1.315717485605938180e+02 -1.845145747075504161e+00 3.596678506868651759e+00 9.406286035463543582e-01 5.000000000000000000e+00
8.812782501532331025e+01 4.963923435424571835e+02 -1.106251989070219253e+02 -4.233137919489184497e+00 7.515370506567140563e-01 -9.433903049398955076e-01 5.000000000000000000e+00
-1.814466264833082505e+02 4.906346145247434833e+02 1.820415995464999526e+02 -3.763858489007484653e+00 -1.391951169308557557e+00 1.396515450646094392e+00 5.000000000000000000e+00
-3.284732645570256864e+02 5.413982486013640028e+02 5.322332846930245154e+01 -3.379560866790225049e+00 -2.050422943833956069e+00 3.322350572057677920e-01 5.000000000000000000e+00
6.456965167406119690e+02 -5.666694604543602054e+01 7.686036514479967252e+01 3.398130080286508314e-01 3.872029303490606811e+00 4.609062901871065487e-01 5.000000000000000000e+00
1.069430934729205092e+02 7.892659664276607145e+02 2.402885342931942247e+01 -3.508861105936729619e+00 4.754398101493204076e-01 1.068257251734938823e-01 5.000000000000000000e+00
-2.507613632489629936e+02 -1.869638129778815028e+02 6.816553627444848473e+01 3.264132871398564451e+00 -4.377950982174769301e+00 1.190077181814115592e+00 5.000000000000000000e+00
-2.964396736377317438e+02 -2.784675807740272830e+02 -3.216735341362967571e+00 3.394782300303478717e+00 -3.613879053266705110e+00 -3.921503598826895504e-02 5.000000000000000000e+00
7.998951186113597487e+02 3.196537757338842312e+02 1.101116310062013781e+01 -1.264209290117225049e+00 3.163531660923556199e+00 4.354841313806000203e-02 5.000000000000000000e+00
-4.642824643982374369e+02 5.602849041814454267e+02 -8.912735010217841136e+01 -2.822753193241349656e+00 -2.339086416866358320e+00 -4.490296101652410110e-01 5.000000000000000000e+00
2.066805256825557535e+01 -6.377239844683901993e+01 -1.084074688143932264e+02 4.431671608222256253e+00 1.436264339976746296e+00 -7.533451984944110613e+00 5.000000000000000000e+00
4.628836581384130113e+02 7.938479083745291973e+02 -1.636557665753794311e+02 -2.783776259177092705e+00 1.623188175837364744e+00 -5.738895736373608170e-01 5.000000000000000000e+00
-7.206304193629632664e+02 -7.918763305139066233e+02 -1.424568818246446655e+00 2.260275508730099858e+00 -2.056916244326868703e+00 -4.066187971919029386e-03 5.000000000000000000e+00
1.575135608150557118e+02 -3.295359772507890739e+01 7.935390640285383768e+01 1.371123739674323216e+00 6.553778569366843776e+00 3.301734329967962456e+00 5.000000000000000000e+00
-7.258202739116093198e+02 -7.778975988534009502e+02 -1.085519496693554657e+02 2.224240339389385479e+00 -2.075335795817383477e+00 -3.103822736178010189e-01 5.000000000000000000e+00
-7.873321312771508929e+02 -6.680678243934651164e+02 -1.711466609989217247e+01 2.013029269535616450e+00 -2.372397782434298552e+00 -5.157009893223189062e-02 5.000000000000000000e+00
1.503603127087158100e+02 3.162477763614638206e+02 1.490208011954863743e+01 -4.819642197993990962e+00 2.291503568411508152e+00 2.271089302457965364e-01 5.000000000000000000e+00
-7.723089269553775011e+02 -6.829202068211288861e+02 -1.890040106921792358e+02 2.012570295388092845e+00 -2.275999435554197703e+00 -5.569960499469068793e-01 5.000000000000000000e+00
7.201652547575056360e+02 4.140771349209173877e+02 -1.308680065222938538e+01 -1.729089247446930377e+00 3.007241630533168397e+00 -5.464741803619020677e-02 5.000000000000000000e+00
-6.359152084821627113e+02 7.730338078945312645e+02 -1.224015995609978091e+02 -2.413922283165462090e+00 -1.985747423052339755e+00 -3.822186632175090804e-01 5.000000000000000000e+00
-3.114437520109499360e+02 4.545277430897856448e+02 2.234439342438001006e+02 -3.135090076088824951e+00 -2.148172979611770561e+00 1.541197146840834975e+00 5.000000000000000000e+00
6.047193831377066999e+02 -7.589796935375813973e+02 1.938844766421237580e+02 2.438003890927327610e+00 1.942487027732186622e+00 6.227980965349775300e-01 5.000000000000000000e+00
-5.004545344194092422e+02 7.191404699864119721e+02 2.490046112019357949e+01 -2.771353845415682304e+00 -1.928603181580297754e+00 9.595898375650595280e-02 5.000000000000000000e+00
-6.982899051182215544e+02 3.926404613905297083e+02 1.891100006479533988e+02 -1.662627074985288944e+00 -2.956892670528189271e+00 8.007819828712041677e-01 5.000000000000000000e+00
3.278572972095596469e+02 -5.522499910581343556e+02 1.181277572312183111e+02 3.309436167638111659e+00 1.964731217343154368e+00 7.078972901998927814e-01 5.000000000000000000e+00
3.353847072642447529e+02 -7.865722969825947075e+02 -1.449704607468114261e+02 3.079574242549840690e+00 1.313092400785304203e+00 -5.675858386560265201e-01 5.000000000000000000e+00
-3.179955715734695332e+01 -4.733263118339742732e+02 1.966958332805858447e+02 4.067062014614609033e+00 -2.732380764870229184e-01 1.690111307923741091e+00 5.000000000000000000e+00
-5.768364046186604810e+02 -3.925996116456447567e+02 1.707929637277492532e+02 2.039079833414623177e+00 -2.995966997794548892e+00 8.870627420301780974e-01 5.000000000000000000e+00
-5.143976940617442324e+02 1.955690851470509415e+02 9.071113594348844344e+01 -1.484722655656756984e+00 -3.905207767458749757e+00 6.886613932584946252e-01 5.000000000000000000e+00
6.467736075083339529e+02 6.957656427422116394e+02 -2.029652650045280780e+02 -2.298114930815455370e+00 2.136294167119415111e+00 -6.703945657699592608e-01 5.000000000000000000e+00
4.609545725270947969e+01 6.557169996279149018e+02 1.732056279709023840e+02 -3.699744059385579042e+00 2.600838383512202867e-01 9.772760100792332594e-01 5.000000000000000000e+00
4.531956381900856741e+02 -2.912396683403613906e+02 -1.644114531739897132e+02 2.178771419613709348e+00 3.390368178926105536e+00 -1.229966292963956542e+00 5.000000000000000000e+00
3.817427875470705203e+02 -7.779601535364485017e+02 -4.498637795309764442e+01 3.043495455948163730e+00 1.493434379587489813e+00 -1.759933799403835819e-01 5.000000000000000000e+00
-5.583553515609999067e+02 7.313396832995294972e+02 -2.628891562274860689e+02 -2.470551228972758029e+00 -1.886189867038262857e+00 -8.880704039895833679e-01 5.000000000000000000e+00
-2.265129722472395315e+02 -3.104726745876165523e+02 -1.948946987370941315e+02 3.470884398182590314e+00 -2.532269039145476075e+00 -2.178797119693628659e+00 5.000000000000000000e+00
-5.760930229332941508e+02 3.957293067316595625e+02 1.947228456577882696e+02 -2.024930696689320797e+00 -2.947844464491981675e+00 9.963888466479527972e-01 5.000000000000000000e+00
2.073547157339933165e+02 -1.624861894678959970e+02 -6.770632436245330155e+01 3.622199814207379465e+00 4.622424928951225809e+00 -1.509333416762773883e+00 5.000000000000000000e+00
5.924503987973125732e+02 -1.967808623509604331e+02 -1.526588289121163484e+02 1.207815733807707570e+00 3.636384679988940327e+00 -9.370003427257221906e-01 5.000000000000000000e+00
-1.555187667199959378e+02 6.911672028704706463e+02 -4.521347742424507032e+01 -3.654242936222154015e+00 -8.222371553168590363e-01 -2.390463983438619322e-01 5.000000000000000000e+00
-4.628705411310472186e+02 4.409111533743723612e+02 1.652647587027770442e+02 -2.598740690311604151e+00 -2.728169837342381943e+00 9.740743681091889039e-01 5.000000000000000000e+00
2.969124091171161126e+02 1.945656853983713290e+02 4.231845391017251501e+01 -2.878450998709174868e+00 4.392592757568874795e+00 6.260692663876276098e-01 5.000000000000000000e+00
1.194959284743820263e+02 1.137228091061909936e+02 2.613425940811820851e+02 -2.093166444231278511e+00 2.199425688397111500e+00 4.810235982372564223e+00 5.000000000000000000e+00
-4.633507870268135775e+01 5.176075620242477271e+02 1.289524403247137343e+02 -4.177702410033655056e+00 -3.739786358766969965e-01 1.040798010402793627e+00 5.000000000000000000e+00
-1.111158662996305111e+02 4.776276844736173643e+01 -1.403249655660042379e+02 -1.894250643445344773e+00 -4.406806977008224102e+00 -5.565227162403562744e+00 5.000000000000000000e+00
4.375297896991139623e+02 -4.575030500977334214e+02 1.742498176403769961e+01 2.870775122858217454e+00 2.745445381204085766e+00 1.093396080174140611e-01 5.000000000000000000e+00
3.359332032315412562e+02 2.703135147552245598e+02 2.051326737547825871e+02 -2.590697633102407860e+00 3.219599860852473849e+00 1.966001340516446261e+00 5.000000000000000000e+00
-2.601678651393365271e+02 1.201765919429843734e+02 -1.858963339835184740e+02 -1.903498462476836517e+00 -4.120845193492927550e+00 -2.944445171864977784e+00 5.000000000000000000e+00
-6.956991879343938763e+02 6.117782577044815753e+02 -2.302695424962963671e+02 -2.074197631976669953e+00 -2.358726532054460812e+00 -7.807151263503790961e-01 5.000000000000000000e+00
-4.081001172337094545e+02 2.517630036847810970e+02 -2.500630979493047050e+02 -2.001888908718137294e+00 -3.245000601278256180e+00 -1.988372139423562057e+00 5.000000000000000000e+00
-6.062867875296685725e+02 -4.945975312988869064e+02 -2.321939935328425975e+02 2.121218565439053627e+00 -2.600228889762009832e+00 -9.958282819807711128e-01 5.000000000000000000e+00
-1.891072129056975655e+02 3.203063618215753650e+01 -2.171878837395804851e+02 -6.494096002134296386e-01 -3.834080560628216006e+00 -4.403406037532573869e+00 5.000000000000000000e+00
-5.798953847175495184e+02 -4.514761362559086706e+02 1.179028885138689020e+02 2.223291114026644255e+00 -2.855690815907918179e+00 5.806119599694085087e-01 5.000000000000000000e+00
-7.596301929605109535e+02 3.624427906069427081e+02 2.125033636422701022e+02 -1.417101237797217861e+00 -2.970049107363481600e+00 8.308587933263883452e-01 5.000000000000000000e+00
5.716432508335924467e+02 -5.576747609686732403e+02 5.910164584244667907e+01 2.460935444261579619e+00 2.522576304162928995e+00 2.608067376318690678e-01 5.000000000000000000e+00
-3.452818485002419493e+02 3.675594021548197361e+02 -1.657487505616662986e+02 -3.005252078976702990e+00 -2.823105563223216485e+00 -1.355200749302086338e+00 5.000000000000000000e+00
-6.450405308222730127e+02 7.072927365009252298e+02 -3.048824172030166935e+01 -2.386307271353216741e+00 -2.176276991947753814e+00 -1.028630850471560221e-01 5.000000000000000000e+00
-3.315657826764228275e+02 1.938729848854272859e+02 -1.505963279624770337e+02 -2.313630906254598329e+00 -3.956821744453005163e+00 -1.797178286331889252e+00 5.000000000000000000e+00
2.422301999858266299e+02 -7.924304472942222901e+02 -4.592989293275203266e+01 3.314544944224315781e+00 1.013190353100305918e+00 -1.921136358766049046e-01 5.000000000000000000e+00
-4.632481516336803224e+02 5.273077312325276580e+02 2.380537480383754030e+02 -2.613328263106248439e+00 -2.295850062100032840e+00 1.179790378633243098e+00 5.000000000000000000e+00
7.591944752444162532e+02 2.586416358482929354e+02 2.191656726620832103e+02 -1.078812587528675149e+00 3.166653944132596266e+00 9.141555482611024575e-01 5.000000000000000000e+00
-3.768614860196445306e+02 7.213582675881084469e+02 -1.120147414932504581e+01 -3.106402774373040465e+00 -1.622887846894719655e+00 -4.823718246257031883e-02 5.000000000000000000e+00
-5.036320157130635380e+02 -2.967235300560809037e+02 9.954785728180870308e+01 2.055017330700682265e+00 -3.488002857038178028e+00 6.894383196019900906e-01 5.000000000000000000e+00
1.186956846494590536e+02 -4.864856404229909685e+02 2.167590878481685195e+02 3.816722241976021390e+00 9.312267865383687671e-01 1.700583045002536764e+00 5.000000000000000000e+00
6.025338717318891213e+01 -2.009820149606591713e+02 3.698469736959168586e+01 6.462818003104763065e+00 1.937520008679137540e+00 1.189287350146062128e+00 5.000000000000000000e+00
2.929167448364908068e+02 1.628276594667916015e+02 1.091782825029679316e+02 -2.460653976917068775e+00 4.426562142131095001e+00 1.649903805739429519e+00 5.000000000000000000e+00
-2.469912810394210965e+02 -5.687074975322293540e+02 -5.202038490008855653e+00 3.683414610516469789e+00 -1.599717424508238173e+00 -3.369265336172530545e-02 5.000000000000000000e+00
-7.350393322764616642e+02 6.519027199763434055e+02 2.090363440522795102e+01 -2.116177791075096071e+00 -2.386052186722832147e+00 6.785645392414058064e-02 5.000000000000000000e+00
-5.751819147826729477e+02 -3.342792387225977109e+02 -6.528817873638168123e+01 1.934175225331647985e+00 -3.328063728644176322e+00 -3.777643454660570277e-01 5.000000000000000000e+00
3.354885523166299208e+02 -7.832942569086839057e+02 4.080729951500643438e-01 3.149027373127292861e+00 1.348742985535610117e+00 1.640549538857913846e-03 5.000000000000000000e+00
2.908282524398557598e+02 -5.343434994208009812e+02 1.828604074932604817e+02 3.337367195901541184e+00 1.816435814015188388e+00 1.142097407489185423e+00 5.000000000000000000e+00
5.672351972908618336e+02 -3.438081830187014702e+02 -2.335024620683816181e+02 1.843752108321750960e+00 3.041931933488744910e+00 -1.252211779710548978e+00 5.000000000000000000e+00
6.231281767442465025e+02 -1.375558903684689085e+02 -1.516689772015828019e+01 8.529648590871443670e-01 3.863930770584575125e+00 -9.404781388866913228e-02 5.000000000000000000e+00
5.600665897566577769e+02 -5.279189486965137803e+02 2.522066739502267012e+02 2.290333376141051147e+00 2.429803299442814701e+00 1.094178120448175084e+00 5.000000000000000000e+00
2.580120486464268197e+02 5.557257339292968936e+02 1.301801766906409341e+02 -3.544922708302633119e+00 1.645834832580863827e+00 8.304072249067641076e-01 5.000000000000000000e+00
-6.751458658938350936e+02 4.880063115831965206e+02 -7.611621983480399933e+01 -2.017023293623385616e+00 -2.790506814724332596e+00 -3.146028745638141944e-01 5.000000000000000000e+00
-9.154078519840868466e+01 1.343511285723384390e+02 2.227680230426853996e+02 -2.933548058765381494e+00 -1.998787025983643995e+00 4.864125136098192748e+00 5.000000000000000000e+00
-2.453542249092218981e+02 1.870845532410053238e+02 -1.993688050624574828e+02 -2.657142900661551455e+00 -3.484741126783542420e+00 -2.831614881120898541e+00 5.000000000000000000e+00
5.585633125812221351e+02 4.756034999536150281e+02 -1.841820068922390874e+01 -2.392418077241711405e+00 2.809729042014319944e+00 -9.264867959016813426e-02 5.000000000000000000e+00
-3.656098387792221729e+02 6.276928261922441834e+02 -1.610395906368723331e+02 -3.092776817794715694e+00 -1.801437879405882958e+00 -7.934765093465134811e-01 5.000000000000000000e+00
5.947817805717356805e+02 4.724613789380962316e+02 2.567965456072049619e+02 -2.080864275139525432e+00 2.619600699378571207e+00 1.131010451974497677e+00 5.000000000000000000e+00
-1.279651568180007644e+02 -4.274661329391174149e+02 1.864700347042918622e+02 4.019444355011895453e+00 -1.203250474309697449e+00 1.753369145802687212e+00 5.000000000000000000e+00
2.334337023398661586e+02 -4.580746246110948050e+02 -1.921604983807660858e+02 3.562391831665063791e+00 1.815386117833717838e+00 -1.494409323331350903e+00 5.000000000000000000e+00
-2.007153613813185302e+02 -6.587030991935458815e+02 -2.201284513265069052e+02 3.388770109498654648e+00 -1.032602120741467733e+00 -1.132474884388406711e+00 5.000000000000000000e+00
5.127164794180484932e+02 -1.253383190892236598e+02 -8.328465099425527285e+01 1.014732699830534157e+00 4.150926717288444756e+00 -6.742683272917019410e-01 5.000000000000000000e+00
-1.902570160989808983e+02 1.033492347441296033e+02 2.034073190297115161e+02 -2.018407841449518791e+00 -3.715714529824161616e+00 3.972539600842221574e+00 5.000000000000000000e+00
2.800817975617881075e+02 1.660021719863067347e+02 2.455891451643809944e+02 -2.015636178846388571e+00 3.400816973939586152e+00 2.981999332913049194e+00 5.000000000000000000e+00
3.324461745830310520e+02 -3.167715070451060910e+01 -4.323081169728860829e+01 5.126335075910695149e-01 5.379999298278590913e+00 -6.996071977279965104e-01 5.000000000000000000e+00
