-4.013707203099411203e+01 -1.166978737909496289e+01 -1.020144803937023426e+01 -4.870828323001084925e+00 1.287680513244946923e+01 7.818190500069231774e+00 3.528637573198581322e+03
4.403802917563537278e+01 -3.464350735985954799e+01 2.029490606821542542e+01 8.012087847013390274e+00 -1.098822619963600644e+01 8.499229898601285527e+00 7.099918549538908792e+02
-8.776234167226881766e+00 3.373343633537588460e+01 1.914680164960323339e+01 -2.965574275172322416e-01 1.963285205087303353e+01 -1.776489021997390338e+01 1.287677682941992771e+03
1.092370406112394221e+01 -2.753609181417013829e+01 -2.955760380629784834e+01 1.926561984832930818e+01 1.790840140050019613e+01 -1.698613297046946613e+01 3.014959640729047806e+03
4.514004982569265678e+01 -2.728911237412962976e+01 -1.485896171877205774e+01 4.771730099190570229e+00 -8.901783562125377358e+00 1.991912273929440858e+01 3.454475994459664435e+03
2.284784063930219133e+01 3.488091312474870165e+01 8.917152725237961874e+00 3.908543079672064380e+00 1.538390969286935928e+01 7.066576513242711854e+00 4.362288997601327537e+03
-4.633355959176039818e+01 1.006557382116324106e+01 1.921339243640277061e+01 9.540278092066365900e+00 1.973182216450595661e+00 1.721894272203492449e+01 4.146570807033155688e+03
-4.709921939250040168e+01 -4.616369165620327664e+01 4.393242235112710148e+01 9.350944202016275852e+00 4.439793648143677274e-01 2.793584950585668025e-01 1.680726847871623022e+03
6.963128672798099217e+00 -3.613385694418023064e+01 1.522655892866268346e+01 1.672988040972028045e+01 -1.966390134304052495e+01 -9.312537714144077938e+00 1.463303279796671177e+03
-4.066421079854958265e+01 -1.731374376027190465e-01 -2.610305761336458730e+01 5.166498571015356589e+00 1.630163440068774605e+01 -1.964504122285617882e+00 3.592903987999862693e+03
4.439612844608268460e+01 2.404401183545452625e+01 3.454501317098269908e+00 1.604205083395883946e+01 -1.548881859687720741e+01 -6.563900471712367235e+00 3.886267648359045324e+03
2.236693885912559665e+01 -2.518416501911994132e+01 -4.614071572814326316e+01 1.358470049193778095e+01 -2.523733318293814420e+00 -1.751969740894160310e+01 1.984704028568218291e+03
1.590406394390663536e+01 3.872450627182961114e+01 2.012645649179725638e+01 -9.112992875265097936e+00 1.427013490876645108e+01 1.610321085871640179e+01 4.495685471853134004e+03
1.881554184323057655e+01 -1.480644698160345740e+01 1.079052393560932188e+01 -8.029271747133934767e+00 -1.511409165334709570e+01 1.141506358905406771e+01 2.368151361817477209e+03
-2.238900955224064759e+01 -2.477227919140929657e-01 1.692691403620538892e+01 -2.738389650840289846e+00 -8.461264169021664117e+00 -1.788596030655039471e+00 4.107849489928229559e+03
-4.524292946692236228e+01 -4.030577360951623689e+01 -2.084572405673120699e+01 1.910454458303802738e+01 -1.477020085066483190e+01 -1.530687567409366423e+01 1.687422091248052993e+03
2.879308129675324324e+01 3.142664013435442882e+01 -4.749317090859533863e+01 7.475086408901351120e+00 -1.759397508203218408e+01 -1.785060069194535970e+00 2.077088553862366098e+03
1.297456013729679114e+00 -7.639971853841409200e+00 -1.821435267046417295e+01 -1.428896887618616773e+00 -3.698585590102439369e+00 1.243681700000603740e+01 4.832598732276788724e+03
-1.980497780343362990e+00 -4.455707567073872610e+00 -4.417592374663492905e+01 1.209382279866687071e+01 -8.712373653023579578e+00 1.538731774731374458e+00 4.519808671225812759e+03
4.177094741579840331e+01 -4.476711516435074856e+01 6.621004206450841423e+00 4.932511340624827767e+00 1.274210378647975261e+01 1.078111336292172595e+01 4.684876076909628864e+03
1.019459214675039505e+01 1.815750181760142823e+01 -7.257973645000191709e+00 9.544014756550357248e+00 -1.362851207498116501e+01 5.645411523292249711e+00 3.401450543954173554e+03
3.533734849728206484e+01 2.163917461215126536e+01 -2.172444680279094342e+01 -1.679616019597432697e+01 -1.475380218003584076e+01 -7.163826611233901076e-01 1.150133877682029606e+03
-5.780470287692907050e-01 4.671235533180748689e+00 1.230759083401967757e+01 1.043853927809222171e+01 5.542518649092929905e+00 -1.471269894644893128e+01 3.153634691632455542e+03
-3.687809551347238823e+01 -4.426538433349401913e+01 2.856915211258343845e+01 1.667294705160654189e+01 -8.860530482357100723e+00 3.047976367933816988e+00 2.393829152260188948e+03
4.099867643334023626e+01 2.811081995663724342e+01 1.687184035646001234e+01 5.531736290560402836e+00 -1.505393126108201329e+01 5.843486330876139334e+00 1.446205387453661842e+03
3.587851746919827178e+01 -1.571287228058027807e+01 3.943087488115686767e+01 1.649149558356625533e+01 -1.123724243164046399e+01 1.995637163703403871e+01 1.458453081807668468e+03
1.495043593080971789e+00 -6.055411125528628702e+00 -2.049880154463384940e+01 -1.342693981942199244e+01 -1.264396321131216361e+01 4.576636260739874729e-01 2.303010691492496335e+03
7.920875056269025549e-01 3.737897621066142051e+01 4.125917180731217115e+01 -1.120174018763951196e+01 1.190181550202662208e+01 -5.392392704328328179e+00 4.491910145612169799e+03
4.885462057305844041e+00 1.813981777937692641e+01 -3.771440028491355179e+00 -8.166484720250615226e+00 -1.819675375261195427e+01 1.944945003436323105e+01 8.448310116823826093e+02
-3.362474625938854444e+01 -7.736133589360726148e+00 -1.470220470135456026e+01 -1.063434083662436436e+01 -1.062335920968202174e+00 7.882542288374239092e-01 1.334719061376747959e+03
1.863539158441032839e+01 -2.602698263751655361e+00 2.288095450925194996e+01 -1.226237433528571508e+01 -1.001023091773358686e+00 1.906874316292035587e+01 1.909813382261996594e+03
-3.635783599070738603e+01 -2.197980343260300629e+01 -1.096709812076996116e+01 6.532554221282367735e+00 -1.882427619002580599e+01 1.501653331979644435e+01 3.984317512960006297e+03
-1.668363901980512054e+01 1.685649038735556360e+01 2.460802290186826724e+01 4.061269275157854963e+00 8.030593765347781243e+00 -1.822482338825727055e+01 4.573249326674024815e+03
9.133252367703207142e+00 2.258921613531870776e+01 -1.352815554661207642e+01 2.098366060722582915e-01 -1.958609091122245616e+01 1.658200645542010676e+01 4.238224777266447745e+03
1.779416252126347331e+01 -9.151033383610830185e+00 -2.090671011927418732e+01 1.165483961254395595e+01 1.617468502563012578e+01 1.444039749647497217e+01 1.664639294614213668e+03
1.405753204144814106e+01 4.562217061364111714e+01 -4.428551937344169431e+01 -1.418674902785127756e+01 1.627190770186766144e+01 -2.375611745611379888e+00 1.579820455406363862e+03
2.684761652131614085e+01 1.490102225112521239e+01 2.293275601409790454e+01 -1.540594718589937351e+01 1.775255015352271926e+01 -9.224044978146102025e+00 2.214795145278252676e+03
-2.940040134538018890e+01 -3.878430482481355313e+01 4.221403021680092138e+01 -1.134174325159849062e+01 -6.897128600954594901e+00 -8.396437778742793512e-02 3.314788173785632353e+02
-3.820054842764889713e+00 -1.970633961077955476e+01 -3.765703406579908119e+01 1.861231241526873248e+01 3.019010077574254325e+00 1.411044836283812742e+01 2.740132864048042848e+03
2.366793172665961720e+01 4.273212417962368193e+01 1.272572240896964502e+01 1.783017325531582742e+01 5.059715629236531953e+00 -1.138875792379860030e+00 4.444747288397406919e+03
-1.814812143359952756e+01 -2.888014479575094029e+01 -1.600339735722329237e+01 1.761705734514522703e+01 8.778068728459651027e+00 9.277201614473618463e+00 4.163795238900404911e+03
-2.246276486404897810e+01 1.478845830760329250e+01 3.988649417974535538e+00 -5.392694053303728197e-01 -1.864343712369844752e-01 1.680109401804297420e+01 1.988771317294629853e+03
8.966766576331309579e+00 -5.770048637903876454e+00 1.596308258438268979e+01 -2.358368493772587726e+00 -1.985223597285475350e+01 -1.111545028209029340e+01 2.308941824887393977e+03
-4.032245210368472499e-01 -2.322606259838080334e+01 -2.026575759928564935e+01 1.955017115253688331e+01 1.068259942068999990e+01 -6.220181496633951923e+00 3.177468482841065907e+03
7.252754144075034048e+00 1.624899598944794832e+01 4.435595089904094834e+01 2.043476425649139117e+00 1.316433007110185116e+01 1.818672642716099119e+01 6.235716011778191614e+01
-4.558630874125948651e+01 2.943809856226860688e+01 4.720989023676645502e+01 -1.264220931052717134e+01 3.783961287396898854e+00 1.056007472351290133e+01 1.970304368973531609e+03
2.975009237972855658e+01 -4.928399870172027875e+01 -4.225036822066070386e+01 1.007499716867990713e+01 4.741088026528963439e+00 1.129246502177664624e+01 1.548207882586742926e+03
1.000780302592336568e+01 -4.879471387510340463e+01 -3.312892274959723693e+01 1.428755908414218112e+01 -1.284063860741044394e+01 -1.057634823305818728e+01 4.888426365711940889e+03
1.843914941766672655e+01 -6.348716044462591412e+00 4.506831863018611273e+01 -1.789932870716694069e+01 1.736081939606054902e+01 -1.696434458183698979e+00 4.365132440134989338e+03
2.744686510823136416e+01 1.594116321997704233e+01 -4.154968724371613575e+01 6.189957290188910832e+00 -1.637677412804237065e+01 -1.795185313394775051e+00 3.565874425743569191e+03
-3.262291909879464669e+01 -5.290405913570836560e+00 1.300265462005586414e+01 2.482801890719343874e-01 -1.226813859922860317e+01 2.436117948184069348e+00 4.336415288198971211e+03
-9.122108231613360374e+00 4.534954852952151327e+01 1.358121270044563289e+00 7.612953172786440348e+00 -4.703138792240931565e+00 -9.422022891905914577e+00 3.873106964314879860e+03
1.239537003053904130e+00 4.984205831754482574e+01 3.954681462022632843e+01 -1.162833484564453812e+01 1.961103724216059874e+01 8.098936926225235311e-01 3.290175771670472841e+03
1.451601284092419064e+01 8.525186343207160178e+00 -3.426323338585143574e+01 8.409753606672278892e+00 -1.159517816764524589e+01 4.732506591469203272e+00 3.817702712161393720e+03
-2.405109799935433301e+01 4.939284205545486373e+01 1.807439146340932723e+01 7.179371579891629551e+00 -7.100186350634185573e+00 1.722795790228620660e+01 2.227328966316686547e+03
6.582571226162215794e+00 2.777129700798350598e+01 -2.342593215615933389e+01 -7.998882487023335486e+00 -6.246352677117670282e-01 1.184057823257215603e+01 4.987390529757506556e+03
1.701540286271172420e+01 -4.370251477698416664e+01 -4.381557910782944987e+01 -7.294992019152628515e+00 -1.310740871194493451e+01 -4.444305010553751600e+00 3.261034253690458172e+03
-3.371292735586462186e+01 -1.697374775460625784e+01 2.673043119998398254e+01 1.593314180075370246e+01 7.435075076418506512e+00 1.765899214422245223e+01 3.078447976639032277e+03
-8.840183507164589116e+00 -2.114331579692788665e+01 -3.234079748664908749e+01 -8.167795616919315549e+00 -1.855691180013238295e+00 1.683796900037272337e+00 2.975571711510895511e+03
-1.970749401130901290e+01 3.531265383950251646e+01 -2.471060242278894137e+01 1.835768206096884114e+01 -1.883774552182803319e+01 -5.312698651896621271e+00 3.549589109607991304e+03
2.138850731079359946e+01 -3.178361945152445855e-01 -7.077162045108288169e+00 1.468116641370350806e+00 6.000835812161081861e+00 -1.135144823573156714e+00 3.662770994034796331e+03
1.350580034010562258e+01 1.027863182596571079e+01 1.952847715886065316e+01 -5.460579982436541968e+00 1.648038907126029073e+00 -1.875195287714966952e+01 3.404117823088298337e+03
3.230931859560558905e+01 -1.636093247602543954e+01 -3.092405873328939592e+01 1.467398714097144108e+01 1.556306779706680032e+01 8.777435526769828300e+00 2.618557689989364690e+02
-4.700560083426786662e+00 -7.776573887424262921e+00 -3.083265630511374766e+01 -1.681088644958233402e+01 -8.121753839144329135e+00 -1.688558158899157391e+01 1.859310856476440904e+03
4.558158156501150415e+01 3.370047695247046704e+01 -1.924250659680719622e+01 -1.860907662954215169e+01 1.954988664392747211e+01 -1.903987420644671857e+01 3.370101435213745390e+03
-2.539172759588317518e+01 2.806651833821592845e+01 -4.447593408249720426e+01 -8.975073183027131307e+00 -1.685580648342656218e+01 8.094688666605165395e+00 1.707299353894575944e+01
1.378338898047958594e+01 1.036396510184859210e+01 8.889268434577054734e+00 -1.280411392420168326e+01 -7.941320899088829321e+00 5.169883087346750727e+00 4.333887760646038032e+02
-4.767987295958258187e+01 -2.124845450059168428e+01 -1.784997123275567077e+01 1.375040046795406568e+01 -3.475701506751409653e+00 1.492852605270034161e+01 4.809862565815151356e+03
-2.193434924713968570e+01 7.192609816656705846e+00 -1.934419355259944240e+01 -5.521221090929202546e-01 -7.515709988789506468e+00 -1.415491018093545250e+01 4.918367541830823029e+03
-2.761418708716853132e+00 1.299241306664299600e+01 2.964799775553392180e+01 -8.377844759479820880e+00 6.417337121655080523e+00 1.316338670624028140e+01 4.263942928729257801e+03
-1.699526053422439986e+01 -2.518898507191028457e+01 -1.193106483770925763e+00 4.978812428755766462e+00 -4.736595856004687022e+00 -5.767619099017906592e-02 3.232381560093210283e+03
-2.686869491232930329e+01 -2.619056179671114393e+01 4.174884592250563742e+00 -1.543219870018889495e+01 -3.771258840436928494e+00 1.029665592412910513e+01 3.283591256281082224e+03
3.489222878764685731e+01 3.978690992594847842e+01 -6.285315026213702083e+00 -1.040275272142869056e+01 7.879511122164970516e+00 -7.090979150440603007e+00 2.098686103897686280e+03
-4.037698930929347796e+01 -4.706954688261918562e+01 2.729400180452007874e+01 1.938924863312031022e+01 1.765748300587715391e+01 1.376924199478091282e+01 4.059815203198171730e+03
3.465052268572186733e+01 1.788835130660673656e+01 -1.833635504694303009e+01 1.192712235005278032e+01 -1.496842803151404055e+01 7.108107214264141049e+00 4.821717835602010382e+03
-1.087840457729867438e+01 -1.535604794382606997e+00 -2.940647903879187908e+01 1.271519401455854137e+01 -8.256174711478681871e+00 3.220842408650593569e+00 4.252544841948681096e+03
-4.091046133738869628e+01 4.466478377688464718e+01 4.462178183988314117e+01 1.745678464960718657e+01 1.058849633523717415e+00 1.635846217563612015e+01 3.700057898074705463e+03
2.211052127564762770e+01 2.311276089183535021e+01 3.644569501576356174e+01 1.901571085488349411e+01 -1.920015231651862564e+01 1.848277658631396037e+00 4.013047977331974835e+03
-4.722818408890210407e+01 3.842659446306234372e+01 -1.101177849238477080e+01 -7.498759222454808082e+00 1.456008318617236341e+01 -1.968381413826442028e+01 1.159123304843360756e+03
3.798516346351026129e+01 2.834797888328878912e+01 -1.762614117700465499e+00 -1.945788394718455194e+01 -9.085698212893532855e+00 1.764566033988234039e+01 4.259851737450429937e+03
1.214222833308583915e+01 2.507277299193377473e+01 -3.250257913481027572e+01 -5.426905262750963743e+00 -1.012171056201673913e+01 7.653307311869049556e+00 1.085383158425334784e+02
4.162481070442481723e+00 3.942990447949378563e+01 -2.874077533412957663e+01 -1.886915304083450096e+01 -1.021269160852645186e+01 -1.048053406249600172e+01 6.283373770541871863e+02
-3.816808269122472552e+01 -1.543899456269021186e+01 4.219908060448067033e+01 1.634554017043794261e+01 5.312575212964240734e+00 -1.980990518750858342e+01 7.607251723259278151e+02
2.234830320876017140e+01 -8.960134028247615845e+00 -3.231797342265344497e+01 1.432122313630309662e+01 -2.231706505494713610e+00 -1.547875404436214097e+01 4.033628423511736855e+03
3.658756155963314427e+01 -8.390315056705212271e+00 2.016002184032238631e+01 -6.120743104954629032e+00 -1.950529200813167563e+01 1.674889291622280751e+01 1.786775820098054282e+03
1.007083835419725659e+01 -1.015293839459280179e+01 1.462619949661664975e+01 -1.502257251814628347e+01 4.245163316105241336e+00 6.272283529947522140e+00 1.385716163992528607e+02
3.793270270173374570e+01 4.615408956150882602e+01 -3.808456121011111151e+01 1.022463622667642014e+01 -3.112870811933170501e+00 1.684305240068937337e+00 1.224201180201711622e+03
-2.780661604182333946e+01 -1.992957682648074424e+01 -3.956603514584615766e+01 1.209551820618116125e+01 -8.055989929101961877e+00 5.129022806979669724e+00 1.950166610619900666e+03
4.915318197731524208e+01 -1.598614924845133345e+01 -3.885066544028113356e+01 1.504727991584517355e+01 -7.235037227585806363e+00 -9.196180655817020266e+00 1.815012489006235228e+03
1.550384703679851839e+01 6.303938181053048595e+00 -4.658166996061492426e+01 -1.731161858551052291e+01 1.457386899509550915e+01 3.180930515117040613e+00 2.380524249772911389e+03
2.184775550992166870e+01 2.866229157274415229e+01 -3.712950991979170112e+00 6.372816288318446709e+00 -4.197779218333472784e-01 1.079644122387293592e+01 4.810037741804630969e+03
3.421389311516487908e+01 -1.797884327046613606e+01 9.521368145556138529e+00 1.524240121503255097e+01 1.139782470225512157e+01 -3.436631459685099088e+00 1.758557293324648981e+03
4.224816641324061095e+00 8.220977360711600568e+00 -2.330472303043208271e+01 8.806875659453510252e+00 -1.209851081284384122e+00 9.680133783840254580e+00 1.450583694137874602e+02
-5.689260772884516371e+00 2.513429838822673901e+01 -2.832826674648178766e+01 -1.374118483974349658e+00 -6.710134604639588218e+00 -1.967907100787267893e+01 1.843339581602790304e+03
3.203301075749453730e+01 4.077200342597586769e+01 -1.077286329831628109e+01 -8.064099412580546300e+00 1.539681718909629637e+01 9.930979614476740380e-01 3.625778993209542023e+03
1.371817546722773784e+00 -2.619201464055201711e+00 2.620142621913844039e+01 -9.908032547336329543e+00 -9.567457602292535057e-01 1.401828460713942803e+01 2.318614635701011593e+03
-4.406998151706790168e+01 3.366886897321180072e+01 8.203346114376444120e+00 -1.987812383452482123e+01 1.728439311082389196e+01 -1.842407434328107385e+01 2.972474309021335557e+03
6.748552612402612283e+00 -4.052046294173379692e+01 2.575826117760455247e+01 6.416209500063764892e+00 -1.189598609977165466e+01 1.500134448672599063e+01 1.768110018618340860e+02
3.582135679810293993e+01 -2.507664730255196872e+01 -3.584536814441224806e+01 1.653929598399182055e+01 -5.950865308126438435e+00 1.822047581179998588e+01 3.830229103831372868e+03
5.893658782417645625e-01 1.248502588596778651e+00 1.064045078341516870e+01 7.352473195099229031e+00 1.154419344522905178e+01 -1.407757514870950466e+01 3.981684527120253733e+03
