-3.797268659445136763e+01 4.147060469780763015e+01 3.129275016332100279e+01 -8.321391749217813327e+00 -2.102738415648918391e+00 -1.842583872256071587e+01 3.652177407218872304e+03
1.308934049791992038e+01 -4.858496431337145793e+01 -4.632340324842834178e+01 4.799247726174826312e+00 -1.218364122329606225e+01 -1.653096857687497945e+01 8.440769497752387451e+02
4.129268342917026757e+01 4.326876438304493888e+01 4.434166702839350194e+01 5.351069606458125349e+00 -1.497894636575205141e+01 1.828782839089810608e+01 1.613749627842096970e+03
-1.145760249176207424e+01 -4.774010232563809097e+01 2.977788598358607430e+00 6.494723099232615482e+00 -1.815275851279907471e+01 -1.899543133370882941e+01 4.556683976859779250e+03
-3.626298884006070722e+01 -4.221911136370620454e+01 4.232696271692896062e+01 7.706946093314670065e+00 -5.779920244075039903e+00 -4.187467115352836444e+00 2.760903568983218065e+03
-4.168102638982431785e+01 -5.650687568776845637e+00 1.967953258600481092e+01 1.405263163871447318e+01 1.267137969545918708e+01 -3.704164406041702051e+00 4.655934607804385450e+03
-2.355029035852863473e+01 -1.922361199279464117e+01 4.674716250213370472e+01 1.687998009545411549e+01 6.211336773803346034e+00 1.787482231428829493e+01 1.201580055784902697e+03
-2.446117040080923033e+01 1.053728989832796969e+01 3.783807819557715391e+00 1.639653829687605935e+01 -4.892795883332944129e+00 9.626611212412477414e+00 1.073819554501909124e+03
-1.498644008299449126e+01 -4.397005156783420432e+01 3.083540196679693679e+01 -1.819326440473254536e+01 -7.856919556571364538e+00 1.887543646379312889e+01 3.481416786827128817e+03
-2.900981430265960981e+01 1.679311039855153354e+01 1.325855549595701177e+01 8.457527767613722602e+00 1.217255402176001411e+01 1.826854413558164936e+01 6.496546347953652685e+02
